1:
317050
1027056
1394012
548064
1394012
1406595
2529547
1682104
2625019
1774623
470861
712610
1772839
1059319
2380848
548064
2647871
1002:
2174660
1685301
2633719
156594
1384253
1417842
10020:
922636
1967058
1949297
1562927
2414321
945481
1854443
2035232
951643
2381070
1011906
908968
10021:
2366406
1033592
249998
1205724
10022:
510391
268014
2511719
661571
1824779
2178013
2104013
1829777
10023:
1429287
1321374
2563028
679315
1363076
982889
2107604
2286495
1756370
2317624
2548120
10024:
2059382
1210053
1654205
2027932
311377
2161379
1611053
516686
2529292
2248946
10025:
1791064
10027:
401511
2354884
1951605
1609548
2620148
37748
2414149
748800
1050405
408479
2361485
97178
329172
307876
812384
1619494
978638
825069
2472069
1837559
1549473
163607
932638
2106623
2611092
2602187
2310492
916375
1591556
2389108
1422109
764479
1945345
2308597
2092389
2505218
1973874
174668
672519
2568396
2015359
2228062
202876
2163080
2422758
536155
1179516
1503954
1967313
2577872
2327767
1169517
2269919
1608374
425537
1658682
669364
2057570
564258
1744450
527270
1656050
2420503
767061
1200899
712624
1955071
347886
1229916
1825013
402519
523629
58130
1155332
685923
2605052
865625
919670
1606382
1637481
644233
2011133
2055639
1766599
2032781
2609268
1561126
572440
10028:
1986255
1312610
1527666
1606775
1649392
1522640
440956
10029:
2293890
1141552
1823836
2551226
10031:
548690
2518265
1575474
2203195
1578801
2614194
1224756
2157060
1528644
10032:
2329101
569745
640080
177766
1949239
624145
709091
2104131
688765
1390809
336400
1268066
470044
1791554
1920755
2317575
2488926
1212320
996425
123345
799400
824189
650940
1573281
910244
1547411
2222535
2458016
83110
1274574
1587304
2214218
677039
1903221
1879733
662218
1563172
1724551
775034
884907
2174325
739713
1169824
61009
319516
750365
1819621
10033:
1989027
1227591
1810636
1335621
1001590
1207661
1401075
2403799
791223
639727
1957988
1762834
1381789
334033
10034:
2107088
69088
10035:
1651047
811486
2112205
2070135
2148631
2212430
822400
49255
801884
1303306
2268521
929407
2172403
282064
1985000
88318
1408280
2440091
1813810
1727192
10036:
2105693
842613
2557615
2125051
397569
2636037
2063030
2159553
1531624
437680
2091752
10071
472432
215393
1324372
2619107
1904442
646572
1970420
2461533
1880905
2030429
1845130
1521902
2161
2134637
417734
1010725
1261548
2316498
2494106
1082992
2541752
1317259
42211
2214676
1554836
234405
41897
2536262
2240178
1097048
2124584
671935
1677871
1223288
2192915
2068878
426137
696122
455707
1714077
333914
707412
9450
1390002
970271
1873549
2494920
32361
556369
504989
1030812
2350832
2401396
2207277
2035729
2646867
1154500
1132428
558523
8580
22964
1595703
1995943
2023361
2437646
2303816
336016
2224280
2438187
2465683
845006
1934299
2021702
725549
2031681
1441351
259822
812240
1723408
1994101
1184088
511569
2008955
576406
1371204
33130
1125370
706530
1511155
1787860
8129
2026150
1190492
1581139
1522922
2598077
1647159
2354598
997168
1008576
2046106
1466613
109154
2257846
2525634
1391499
2535303
1394196
1699044
857146
195153
52147
2398282
1715538
1981250
1585765
87273
1281611
1549677
355111
383108
180775
730570
1961276
1850833
228544
2344026
1841778
1372729
1801097
1197941
2006300
1227437
1438082
1109446
1956794
1791704
1914110
992576
264916
578055
782690
2383290
1544559
2179884
173760
747219
1782055
2646027
1984941
440949
924842
755689
1211291
2574257
2345522
220702
730768
2469669
1409483
713561
1994152
734075
1815129
1396608
1742906
1573284
2570733
171163
2090999
1636781
275039
2332819
174415
730375
218046
915942
875205
2418467
1384878
586402
2460085
1493212
54040
1445403
2067671
2186035
25266
260961
1451269
2213786
130601
1643234
1010065
1752442
123767
2063882
2178343
1722278
1449174
387679
76156
442546
10037:
253214
612895
769764
396150
2555464
1988133
560277
1839686
2569369
1845071
1627613
948108
1316833
911710
10038:
885147
1144499
1411630
1069925
836219
1417121
461985
1148007
10039:
102104
1004:
910485
1970126
1557423
2148643
1520624
1231161
1590435
1913414
1535671
2412109
1096854
1233953
225310
184574
2598077
1835453
1116907
1418549
118064
1000266
233338
348207
849925
350505
2563972
158703
1501401
721577
1809784
1891207
288998
10040:
2417853
1207062
2487973
10041:
869522
61343
1325876
1786012
2387403
1595112
505035
181533
786031
1695980
60322
1837857
1690337
1102436
47942
1772519
1383323
2087310
299599
2472289
2493763
1634482
506757
2448355
2626214
1099321
482812
1312680
1011503
1674011
803169
10042:
86062
449288
1200637
826793
358207
2478232
1652074
738504
2349053
1359901
1936779
501007
640618
2075263
618643
1852416
2588589
1561
433300
1824896
927805
1302047
799952
1628424
42498
442949
214174
592214
821426
1928744
1583895
2222492
2289165
1693660
1177074
1857643
780937
763194
18335
1207292
864349
1848920
1663166
1073838
1729740
2184817
435239
1586124
367549
1504619
2121851
1311522
1158233
1786012
1813345
1725691
235364
2011360
1219488
1304553
1081209
355734
1207654
1554383
1552853
918917
1361045
1349810
1678227
2147040
2000309
1993790
1117935
157714
1648860
1236919
1785115
1667218
1983122
2113817
1019547
826291
392760
277127
224519
2178014
1756743
966437
2426972
2410757
72630
415554
1421967
1330313
1588401
1101658
559674
2635311
1303129
2429347
825911
2365447
664298
1077278
1849693
1856770
1195825
1244852
1489868
1294368
977299
2582290
1681172
428062
602626
2603832
7766
2427774
1605305
392602
1408842
1546331
571530
658627
1411717
2060760
997695
1772203
136341
1255980
1406374
1244512
664419
1285139
1124097
183462
2158577
39518
123923
1115357
1950649
1055743
759913
2176148
1900271
2561288
1648015
1878820
2490806
2450398
340411
1829200
2420556
135158
2602447
510657
2568440
860456
2409399
2482520
1555238
2338393
2034961
2421856
2483895
1738659
1016514
648196
1464896
3521
1427855
2162416
480507
605806
1582589
2260949
126913
1462261
1501345
1818803
2531096
2162935
1249250
1165360
706887
1213808
1931370
2571652
936928
2465115
1293776
2063559
1594234
1521559
1302357
1929636
1570293
1236841
1645365
278603
1575191
1553813
793065
52189
365149
1287583
972752
2523359
1625264
1055810
1053673
2588945
317437
1819410
1933557
1624788
780973
1823605
2522864
582720
109760
2166670
2136527
2498038
1343496
208264
2228961
1743516
569551
2198877
2244219
1135675
1808448
1036933
1648727
1493909
763919
1377376
113283
2103203
350940
55480
573087
1863195
1268644
1818373
639330
2444942
1959768
402940
276644
2566670
1595082
618895
847600
1737562
2306124
2172898
2132469
2338966
312508
671859
2270326
1039740
411152
2249254
1492074
1023326
664256
2171578
1995060
1028345
578830
1082955
116977
1097029
1543693
2623937
931718
2524430
1116457
1838796
1661807
2166373
1519036
973661
551679
1039680
827712
417124
2346483
42318
1712565
1867253
818856
159934
1619493
2344760
1368605
355145
1598894
1486764
2304981
292258
1420468
2573652
2162543
429190
1818401
138064
1507820
1384977
1882731
823838
96722
2174770
533720
1248655
245303
1392109
2224280
2206144
2191211
1857745
2036644
1093116
348805
1252628
295633
222099
1585818
1846238
1891654
1371746
2126325
1874942
2088365
473956
2352245
1084427
2621148
118538
1756093
2090086
1538823
2639268
2287172
1683784
1529511
1149851
1381957
1316391
2176281
1968900
22601
2448196
1442411
1926334
1298111
2575043
294682
2082092
710030
1070065
2075183
2644901
312211
2340041
2426516
2049285
786420
2354891
1582028
5935:
1053557
5936:
757773
2593838
5937:
1307236
1860412
1852021
2125417
668289
2481531
1225618
637708
969131
652898
2038267
1723583
79237
2369179
1043236
1903214
5939:
672269
1926736
2151665
577192
1000991
1458470
1987886
1582696
610861
1510446
2024965
2441204
189923
479188
2112467
1699759
1180775
304641
394046
1367753
313494
666195
246618
2111871
1648186
2253689
592213
499959
1931508
2573411
801651
2039384
2024319
1790845
330181
1743223
334805
670336
801770
1454046
166148
1065932
1990727
2504125
2245834
1116023
2186350
119401
776111
2369238
2627759
1176626
526007
759982
520621
533485
406501
1439393
1755872
862566
505004
733167
95830
1712929
2383733
551863
1366366
708561
1094739
2172193
990964
2333075
1550734
2250857
817155
22449
10677
1480102
441880
1740961
718603
968082
503463
2648650
992343
1912222
2489355
521748
1808432
336123
2049513
127403
427126
1868450
2514490
1850752
942034
2208322
1123913
403132
1005873
949514
1849487
18407
978638
1117067
321174
929292
391481
621113
1095808
2480865
361724
2031746
253108
365588
1628908
1470965
1982626
2150468
1800792
1884064
282356
666786
1841976
978485
882097
750749
935617
713899
1720245
2336375
2142548
116898
1147991
2028005
706900
129263
240089
1126222
772983
2434092
878741
1902555
519597
282477
2135911
465327
77827
1972753
315423
264865
50675
487592
1030225
176190
2160125
2210759
993383
2117918
462507
2259189
166478
265312
2495756
332022
1876724
2501020
288787
392301
1363159
967638
1529308
262273
1535848
2251431
758443
1414453
293355
1413449
2048539
2177706
1346051
124905
2198162
2458652
269917
1711311
2217013
2124518
1339064
1486843
665936
1137639
2033563
46451
1934108
478448
655973
922065
841097
2450116
2120615
735420
1038593
397782
2322741
1158096
156767
2230153
2597347
1599508
2210207
1561810
1976169
1400646
1103095
854952
1871113
1814953
2231479
2032778
368159
2299402
345964
2430504
1899282
2171668
1416253
1305939
1694030
206787
1512566
1807465
289796
1641649
1445743
1705535
288243
107393
1165174
1062159
6517
1765698
1033601
931351
1550687
2329851
1873229
1140290
168952
2047579
2602831
64613
218833
2233901
1903505
2391471
695998
2355100
574351
2237332
2575450
242260
2580574
939219
671894
1990936
812176
1955252
1957203
2499313
1689162
676470
185411
1388133
227758
2579612
2498121
2011636
1837831
930919
754618
2623766
698865
734078
2516825
986218
260261
866084
1942463
854114
1073127
2346644
943022
2041438
2314056
1241482
2393789
88483
624381
1656706
954966
1100423
446751
1737088
1806201
318021
1202044
1771689
1975923
420979
996529
732309
218876
635407
1719312
2466872
287245
1269328
1715667
438452
1030082
1554395
148820
2540420
2528495
2130648
2317198
1543465
1420166
1171506
1763834
350563
2143920
1230861
2321442
1662973
1529218
2443794
1734978
1423773
882387
1590533
1817690
2483296
1338811
2387631
2202699
2584154
389406
913474
2534443
381929
1697996
2314278
941738
2164878
1026412
398109
1517261
59446
754080
1074895
966383
2278241
1380664
1183693
1251336
2229306
821868
480165
1678528
2177548
1279353
335594
1208568
1014945
3462
2299500
69781
1936503
318307
1474432
1828292
2561405
161756
1713595
933611
37003
1246845
1998859
2275610
297793
2574990
1538242
1360723
2017689
2470768
774047
1025267
1201029
1275702
1937773
1593738
2340446
696138
1268752
593824
1746436
2317850
839015
2035707
449767
2352371
1617895
2618400
1681319
899396
2041124
724525
862172
437193
2013994
2609506
772917
2636576
2128320
1770232
661197
1370595
1168252
2073242
465566
1038581
2055069
1354596
464350
509643
1490564
2459388
105055
734936
2097249
353222
1223242
1502694
651395
1291158
1593813
1996857
2291080
2422780
1984563
948604
2141101
120320
2614627
1388724
628970
1857760
863635
1814308
2175510
2511809
187967
598631
1336962
783257
2418866
2020739
1680965
607589
775560
1551415
1018977
773219
2290044
485510
2158679
581667
1647842
692871
1157084
1776481
1374255
1319525
1266990
2477601
2309815
906528
2592264
1621054
245617
2611698
347886
1655943
2564496
423994
1065117
928550
2360806
2302072
2467910
706718
1699915
632214
1007959
1485460
228594
1059550
1284855
216579
1329059
863941
462616
2531780
770566
2103467
1091183
2336198
793054
2644271
119806
1354878
1519580
1182122
830062
486678
704676
383533
556479
500662
94836
2058755
2439967
188212
2618240
263276
644691
260703
1763703
467151
1762947
2351260
1507440
7997
864079
885371
1381140
1682954
1017890
106034
947693
1449689
1744148
949297
1349842
1949389
384927
2637227
826057
1708181
1547574
2579062
2055639
2572858
2107116
1635065
814525
174011
645092
909281
2597155
346693
1382125
2340594
2466803
2058423
586264
1425788
2457089
269378
2511206
2049393
2055623
1485866
2594702
1520400
594:
2578676
1117312
2482625
1611972
2487518
884152
2564912
2341813
268978
568802
5940:
536721
338687
1518417
1320361
2255931
584789
2423250
1048982
2348048
2359778
2355142
502018
2079345
808563
952544
1469127
1917881
1314480
5941:
2273456
964733
1667283
2510461
2542215
1623900
1979787
2258042
62054
490742
1361371
1090853
2238604
1152589
587879
1799341
2211556
2624849
1855428
2600994
2431591
2165548
2173790
1648353
2254570
2134589
2421998
603416
612129
2080958
2624414
2263343
2603627
266529
1334269
2616835
2215427
751550
327579
5942:
2608100
1160134
2043302
92211
2001640
1747863
2052317
929834
2539814
2117406
540951
964299
2610685
1883419
1955297
1129735
329996
447819
1359694
2273651
1798821
2539408
2238110
306751
1349773
5943:
18929
539440
1196479
1152810
495882
1725588
1693145
1534471
2201473
2277167
1471556
869344
608149
1361437
1616210
915918
2320820
5944:
912549
5945:
2352460
2462804
1442060
2550380
1398500
837591
1511311
1484776
2592682
1013527
1638480
47364
1150868
526189
1871894
2631519
1748529
468492
4705
19061
199815
868753
1945505
1031332
2044724
2648678
181815
438375
1311777
1960905
1778448
1961998
2042611
337517
551748
1684019
2327323
862902
5946:
638839
1061017
1837439
1551284
1876018
748575
2119007
73649
425592
1771946
776573
1531714
581409
637610
913638
449953
881448
926128
1391652
676265
2141635
1122823
1973332
776619
1716390
588760
1151066
1020238
1274830
1760889
2615679
1181954
1280008
1052469
216096
1031887
1921292
1025705
1434407
1169841
1164365
1838074
2428542
1901682
2537640
1657763
1833347
2336970
2634260
832593
116353
560547
1695799
1275429
1620548
297991
2337729
2074986
610226
1839967
1725138
137934
603722
1882950
2101674
2228490
767953
562841
596091
2131820
941630
1117654
497906
2108152
321902
2488895
1813924
1587469
2035000
474114
42312
2068357
273648
1877602
901090
78741
983587
1227636
330091
2583339
2195190
1534094
73389
1184883
2220056
2206342
1234795
526406
2385763
588621
2006775
2392743
17665
781014
5947:
839061
2531277
1823163
2468466
1091721
512484
1342972
258265
423153
2221124
1062976
1025593
36032
1783089
593515
1051637
2211145
1165993
1589647
2290440
1261395
2470777
1960922
795200
1857472
1930139
2239745
473810
1258876
1944937
203750
1569852
2489753
264120
1695554
2312452
8664
2416293
2306559
2223537
629062
2095686
1510898
1921572
5948:
334088
1765712
2311930
2451835
887389
543648
1726821
403516
8685
1797831
2147714
724047
2158219
779811
2376860
400487
729150
368925
1880085
274968
1443945
1636389
1065516
250174
1862353
5949:
212971
1224296
589633
2280604
1751257
984248
10374
1431808
280677
1632412
595:
783883
1553605
1723938
961779
772281
1368205
2237413
1307662
58842
1338852
2523906
301456
380482
1298437
631667
2294213
1130946
1639957
76143
2547527
2418035
1232589
2251042
2250747
864222
496711
2514327
2428854
1527474
1104734
1587063
1640206
278575
357303
466822
2242565
1445325
60031
1332226
2315823
1699794
2583201
342033
1661238
1072727
2548988
672503
2138723
1650713
1704413
453940
2455961
1591721
2531141
2164898
1796733
861628
586644
2298663
1156789
1679815
508578
319632
353903
766038
961888
2401034
366351
2371068
5950:
93473
2011077
1623801
2338157
227579
782075
1125734
711938
465672
2199012
1387229
235302
5951:
145339