1:
30878
2647871
1283744
2488120
317050
1904905
1989766
14756
1027056
1149588
1394012
1406595
2529547
1682104
2625019
2603381
1774623
470861
712610
1772839
1059319
2380848
548064
10:
1952305
1531863
1000:
2326571
977808
1010534
1861759
79755
98259
1960212
97460
2623506
2409123
1959111
809597
2251189
537705
929584
506737
708895
1900790
2553920
1196779
2411446
1002296
1580442
100291
433455
2368043
906984
10000:
200206
523108
10001:
262828
2609496
1474804
831991
267142
2305771
220050
1959883
27822
2570808
90355
2417258
264764
143866
766895
714089
2350428
10002:
1450941
1213181
308502
2581993
10003:
1515111
10004:
1737087
1270334
1262711
1903515
2140798
2479158
2161335
2099522
1291600
2198877
2214717
1936582
84804
1257912
1263375
735147
1186407
350806
1141242
638738
590598
1704823
2238464
273497
2499539
2543444
119309
2540335
129495
956464
1648424
10005:
254775
1892654
469365
793736
926698
10006:
1093333
1982605
1534853
1632583
10007:
1204847
2160216
248206
835054
1064667
2419805
2084848
671106
2087887
1340891
1917538
2018945
2520477
10008:
1813636
2048630
930946
1492860
1687570
1122917
1885441
10009:
1927533
1789102
2263612
964421
701514
2120902
1001:
1050889
67976
1025642
624334
239718
549109
143504
584301
437680
2434971
400819
1841130
1926199
805709
545109
662875
74408
529725
1786012
2382523
1358422
780049
1894639
1014799
2176030
286045
1381947
386254
224172
404085
2005305
1956315
2580275
2110738
1525405
2187027
1995906
2133433
2097983
884805
2083077
1642134
2550380
2559056
1080407
1455000
498315
2464251
1149181
2117376
1368543
1216717
1727516
1771413
2326782
2423679
1198786
1042938
2640911
328713
2591056
256030
1363889
2615076
52736
1359594
1385396
2414993
1274754
715115
795536
1991455
1107351
1451770
1433190
1769644
875020
2456714
906813
837457
672807
1863197
2585014
666419
1849372
1308814
2344636
755775
768710
2334860
468090
1996056
1603215
274970
1060880
721144
1381762
1589154
2033841
1372601
2339869
41031
655047
916708
1924771
1686092
1552908
329102
1181907
1762077
1583835
773994
25452
321005
1369500
2429351
396491
1745676
2204817
2624938
491487
1298591
77828
1047191
2642897
2494183
1337506
1802655
126058
940778
1988427
1720476
1947287
31062
10010:
1462925
52050
650466
1813166
2224061
815731
154626
531384
696688
1088633
639327
59938
1856669
2034703
1060588
2475682
1075860
1633365
681503
186927
2374977
2113696
1677862
10011:
1624701
2646826
10012:
2445069
1483604
418164
2491070
1485175
1043648
1913770
2560523
2416960
161063
56741
2301550
1275794
10013:
2503691
1222878
843201
2271154
1346139
124014
1501028
2201453
225422
222553
1521657
295833
10616
512945
844777
973206
2246803
395087
2360499
1153049
1846387
1454544
1018789
914602
1321443
1150421
2045002
1379641
178089
291407
2229322
2177405
105997
2346736
1729494
472225
1233535
1529676
1414279
461311
1715286
1714052
649457
451510
494014
1544885
110412
1894679
1006623
467438
776931
952735
221590
348279
1911099
1923760
397753
10014:
1626179
1359761
430376
723484
839609
10015:
975179
829739
1732761
2162539
933118
467156
164480
613439
1312973
1769664
2477285
484575
2602717
1320821
1236649
705793
1395812
2056853
770517
1514136
988835
1172474
1213571
1801332
1623337
588400
2378764
2405069
10016:
1751359
234929
1759349
1604433
1003759
10017:
2280428
1129341
1377724
10018:
305767
2316945
2173031
676747
354053
2119257
2282361
1670793
1960248
73918
1516345
1236649
1403470
913554
647979
404170
2487526
502190
801510
2126132
1652905
828150
1634975
324441
1569186
905901
1435115
1140656
423065
178629
10019:
22036
1126085
487154
261890
204512
2350988
943653
1725053
1967016
2042897
513351
467597
475394
610785
1191387
2597191
289045
1466477
1970876
1259566
2049251
2535358
1041111
67095
1989902
1796655
1772740
2356037
884657
1367415
1394476
1137339
658929
518974
1568346
371346
1207852
719156
1151159
1882122
1340177
306688
2455675
1750548
2145783
1191324
389917
505579
814902
245527
1462807
459444
1591721
1214125
398395
2093048
1933736
1274113
1994982
258371
378543
1703266
2250647
2085688
2391227
2380848
1116868
2157768
1306541
1002:
2174660
1685301
2030264
1419286
2520929
2035568
1288929
1680156
1858104
988266
2633719
156594
1384253
1417842
10020:
922636
1967058
1949297
1562927
2138373
431122
1077653
167248
776126
722639
2341725
1252652
251807
1751559
2398282
705246
47787
1064752
2308022
2414321
945481
1854443
2035232
951643
2381070
1011906
908968
10021:
2366406
1033592
249998
1205724
10022:
510391
268014
2511719
661571
1824779
2178013
2104013
1829777
10023:
1429287
1321374
2563028
679315
1363076
982889
2107604
2286495
1756370
2317624
2548120
10024:
2059382
1210053
1654205
2027932
311377
2161379
1611053
516686
2529292
2248946
10025:
1791064
10027:
401511
2354884
1951605
1609548
2620148
37748
2414149
748800
1050405
408479
2361485
97178
329172
307876
812384
1619494
978638
825069
2472069
1837559
1549473
163607
932638
2106623
2611092
2602187
2310492
916375
1591556
2389108
1422109
764479
1945345
2308597
2092389
2505218
1973874
174668
672519
2568396
2015359
2228062
202876
2163080
2422758
536155
1179516
1503954
1967313
2577872
2327767
1169517
2269919
1608374
425537
1658682
669364
2057570
564258
1744450
527270
1656050
2420503
767061
1200899
712624
1955071
347886
1229916
1825013
402519
523629
58130
1155332
685923
2605052
865625
919670
1606382
1637481
644233
2011133
2055639
1766599
2032781
2609268
1561126
572440
10028:
1986255
1312610
1527666
1606775
1649392
1522640
440956
10029:
2293890
1141552
1823836
2551226
10031:
548690
2518265
1575474
2203195
1578801
2614194
1224756
2157060
1528644
10032:
2329101
569745
640080
177766
1949239
624145
709091
2104131
688765
1390809
336400
1268066
470044
1791554
1920755
2317575
2488926
1212320
996425
123345
799400
824189
650940
1573281
910244
1547411
2222535
2458016
83110
1274574
1587304
2214218
677039
1903221
1879733
662218
1563172
1724551
775034
884907
2174325
739713
1169824
61009
319516
750365
1819621
10033:
1989027
1227591
1810636
1335621
1001590
1207661
1401075
2403799
791223
639727
1957988
1762834
1381789
334033
10034:
2107088
69088
10035:
1651047
811486
2112205
2070135
2148631
2212430
822400
49255
801884
1303306
2268521
929407
2172403
282064
1985000
88318
1408280
2440091
1813810
1727192
10036:
2105693
842613
2557615
2125051
397569
2636037
2063030
2159553
1531624
437680
2091752
10071
472432
215393
1324372
2619107
1904442
646572
1970420
2461533
1880905
2030429
1845130
1521902
2161
2134637
417734
1010725
1261548
2316498
2494106
1082992
2541752
1317259
42211
2214676
1554836
234405
41897
2536262
2240178
1097048
2124584
671935
1677871
1223288
2192915
2068878
426137
696122
455707
1714077
333914
707412
9450
1390002
970271
1873549
2494920
32361
556369
504989
1030812
2350832
2401396
2207277
2035729
2646867
1154500
1132428
558523
8580
22964
1595703
1995943
2023361
2437646
2303816
336016
2224280
2438187
2465683
845006
1934299
2021702
725549
2031681
1441351
259822
812240
1723408
1994101
1184088
511569
2008955
576406
1371204
33130
1125370
706530
1511155
1787860
8129
2026150
1190492
1581139
1522922
2598077
1647159
2354598
997168
1008576
2046106
1466613
109154
2257846
2525634
1391499
2535303
1394196
1699044
857146
195153
52147
2398282
1715538
1981250
1585765
87273
1281611
1549677
355111
383108
180775
730570
1961276
1850833
228544
2344026
1841778
1372729
1801097
1197941
2006300
1227437
1438082
1109446
1956794
1791704
1914110
992576
264916
578055
782690
2383290
1544559
2179884
173760
747219
1782055
2646027
1984941
440949
924842
755689
1211291
2574257
2345522
220702
730768
2469669
1409483
713561
1994152
734075
1815129
1396608
1742906
1573284
2570733
171163
2090999
1636781
275039
2332819
174415
730375
218046
915942
875205
2418467
1384878
586402
2460085
1493212
54040
1445403
2067671
2186035
25266
260961
1451269
2213786
130601
1643234
1010065
1752442
123767
2063882
2178343
1722278
1449174
387679
76156
442546
10037:
253214
612895
769764
396150
2555464
1988133
560277
1839686
2569369
1845071
1627613
948108
1316833
911710
10038:
885147
1144499
1411630
1069925
836219
1417121
461985
1148007
10039:
102104
1004:
910485
1970126
1557423
2148643
1520624
1231161
1590435
1913414
1535671
2412109
1096854
1233953
225310
184574
2598077
1835453
1116907
1418549
118064
1000266
233338
348207
849925
350505
2563972
158703
1501401
721577
1809784
1891207
288998
10040:
2417853
1207062
2487973
10041:
869522
61343
1325876
1786012
2387403
1595112
505035
181533
786031
1695980
60322
1837857
1690337
1102436
47942
1772519
1383323
2087310
299599
2472289
2493763
1634482
506757
2448355
2626214
1099321
482812
1312680
1011503
1674011
803169
10042:
86062
449288
1200637
826793
358207
2478232
1652074
738504
2349053
1359901
1936779
501007
640618
2075263
618643
1852416
2588589
1561
433300
1824896
927805
1302047
799952
1628424
42498
442949
214174
592214
821426
1928744
1583895
2222492
2289165
1693660
1177074
1857643
780937
763194
18335
1207292
864349
1848920
1663166
1073838
1729740
2184817
435239
1586124
367549
1504619
2121851
1311522
1158233
1786012
1813345
1725691
235364
2011360
1219488
1304553
1081209
355734
1207654
1554383
1552853
918917
1361045
1349810
1678227
2147040
2000309
1993790
1117935
157714
1648860
1236919
1785115
1667218
1983122
2113817
1019547
826291
392760
277127
224519
2178014
1756743
966437
2426972
2410757
72630
415554
1421967
1330313
1588401
1101658
559674
2635311
1303129
2429347
825911
2365447
664298
1077278
1849693
1856770
1195825
1244852
1489868
1294368
977299
2582290
1681172
428062
602626
2603832
7766
2427774
1605305
392602
1408842
1546331
571530
658627
1411717
2060760
997695
1772203
136341
1255980
1406374
1244512
664419
1285139
1124097
183462
2158577
39518
123923
1115357
1950649
1055743
759913
2176148
1900271
2561288
1648015
1878820
2490806
2450398
340411
1829200
2420556
135158
2602447
510657
2568440
860456
2409399
2482520
1555238
2338393
2034961
2421856
2483895
1738659
1016514
648196
1464896
3521
1427855
2162416
480507
605806
1582589
2260949
126913
1462261
1501345
1818803
2531096
2162935
1249250
1165360
706887
1213808
1931370
2571652
936928
2465115
1293776
2063559
1594234
1521559
1302357
1929636
1570293
1236841
1645365
278603
1575191
1553813
793065
52189
365149
1287583
972752
2523359
1625264
1055810
1053673
2588945
317437
1819410
1933557
1624788
780973
1823605
2522864
582720
109760
2166670
2136527
2498038
1343496
208264
2228961
1743516
569551
2198877
2244219
1135675
1808448
1036933
1648727
1493909
763919
1377376
113283
2103203
350940
55480
573087
1863195
1268644
1818373
639330
2444942
1959768
402940
276644
2566670
1595082
618895
847600
1737562
2306124
2172898
2132469
2338966
312508
671859
2270326
1039740
411152
2249254
1492074
1023326
664256
2171578
1995060
1028345
578830
1082955
116977
1097029
1543693
2623937
931718
2524430
1116457
1838796
1661807
2166373
1519036
973661
551679
1039680
827712
417124
2346483
42318
1712565
1867253
818856
159934
1619493
2344760
1368605
355145
1598894
1486764
2304981
292258
1420468
2573652
2162543
429190
1818401
138064
1507820
1384977
1882731
823838
96722
2174770
533720
1248655
245303
1392109
2224280
2206144
2191211
1857745
2036644
1093116
348805
1252628
295633
222099
1585818
1846238
1891654
1371746
2126325
1874942
2088365
473956
2352245
1084427
2621148
118538
1756093
2090086
1538823
2639268
2287172
1683784
1529511
1149851
1381957
1316391
2176281
1968900
22601
2448196
1442411
1926334
1298111
2575043
294682
2082092
710030
1070065
2075183
2644901
312211
2340041
2426516
2049285
786420
2354891
1582028
2391518
1691088
1842969
1992363
739018
1700387
2138553
2562504
896747
1965448
2414774
774877
1862369
256499
1526753
1322407
493407
181582
1349128
66894
1915074
10044
2246937
372787
1095830
997960
1913378
1166011
2458049
1441831
2164887
2621082
1382836
162753
800145
508727
1937981
222333
1624040
1310028
745039
2166473
1111762
1006456
2378211
1663338
2428228
1860465
637958
1443724
2519453
435157
1597816
2266623
732802
2207228
2320873
914857
822956
1869720
19534
601966
2016115
2056799
954656
2484300
1221673
1154815
1233495
2174615
1152899
1329179
994894
1746493
1504708
2610750
1387120
2506300
2126942
427637
1531823
2609002
1941232
1860386
1693021
1227734
2583938
1647980
1593278
2198713
1665375
350839
1605801
1019149
1576336
2373735
1739377
425953
1202106
133101
2328661
906985
624733
83805
2073663
2082786
2380160
1005584
319250
779887
1034379
1435637
460540
1145793
1457053
2517184
1783909
764659
177646
2109572
1460379
1822764
1126179
102451
306130
2481821
1650395
1595895
200147
989696
308798
2478700
874887
1057675
51049
1490653
1219200
2384176
580058
2465985
1894354
346750
1770017
748664
2608024
1838411
1472853
2436848
2310036
792857
555123
409621
389183
1747641
2508315
1825107
2386027
2319476
1229941
1929359
1889550
1270747
836219
587070
886780
632633
1991078
1121007
8169
389419
839344
2014151
1212380
1937443
1557284
1697504
537147
135015
575716
1825204
1113423
235666
622634
1964770
292526
745471
2329488
1210584
2328842
2089117
403322
1496394
2402345
896521
1882574
115631
2082102
2578535
946605
925050
868648
151106
882246
557729
2357555
2551673
365214
136368
2642466
989629
1182445
1450570
1276979
2013806
658685
2356480
817008
924727
8092
1047833
767017
604042
2644973
659730
1623969
1522395
2056003
2626093
2499841
767701
695747
101137
623868
597245
505651
844638
1633749
241785
2457361
2459146
2165664
2340925
33771
452955
1452581
1247427
2004273
258266
1013608
1501998
1094319
737036
2077649
1520122
1703700
2646469
2383161
1658366
1552674
1689524
318829
1384467
585344
2138445
545822
1331750
1966789
727461
1139081
1360249
528277
2044027
2253265
860927
117293
79447
187518
120454
1185359
2289046
1033612
702625
541917
2029954
723613
247386
2342652
1495389
2223771
2159398
323838
1947574
1667322
1206394
645655
2357186
2267376
1292687
2155386
2293172
670517
2547289
1118042
2342489
382105
1729693
987437
1209681
1652220
2022482
1702328
1353383
49943
2012677
1133449
1622444
68197
127851
2410691
622755
1243693
1575870
1019582
147701
2407792
2395730
285713
2239486
420500
1386369
514932
1313601
1049502
23803
2102387
2343253
830599
1354042
1817991
838656
1944008
1083261
2430768
1241598
770598
2123985
1323857
1271387
1391737
2076144
376617
150344
485811
1892620
1438395
616247
879408
524762
75436
1660746
896185
1855318
1568122
1749501
1748093
2202995
47541
753618
2093714
2169244
1753788
2019369
2154522
909921
792199
2393691
622800
1749443
1063941
1055707
2433557
1012788
2394417
10043:
834820
852886
2204494
774717
1406050
2317868
202667
1728377
2048837
1103080
510319
2314914
2460018
969342
2596709
1267391
473246
2196025
13407
2057736
2488192
2389901
600986
1538160
2379921
1589215
725549
1992993
2511165
1767457
2498387
415150
625713
703872
799557
1001653
836253
1975605
1567145
99512
328303
627617
2541048
381361
19679
2273335
2335827
772801
618428
1186231
1876612
669032
944845
202018
2359108
2288808
291590
2448971
8061
1170683
1056747
1737686
142616
1921572
